0.0541205 2.30312
0.0238631 1.57316
-0.937501 -0.631561
1.78743 -0.886415
-0.952311 0.256964
0.704951 2.25712
1.38397 -2.18093
0.959302 1.81537
-1.39982 0.362031
1.40953 -1.39585
-1.41597 -1.20503
0.199499 -1.41615
-0.778254 -0.415777
-0.695294 2.06317
2.05624 1.47542
0.230869 0.104114
-1.24062 -1.85971
-0.668164 0.738997
-0.740429 -1.26632
1.03013 0.0416184
2.34673 1.35212
0.355911 -0.84648
-1.97563 -0.54384
-2.1931 -0.316492
-1.42173 -1.28129
1.07105 -1.96519
1.24065 2.00314
1.34944 1.66439
1.43805 -0.496623
2.24576 1.02965
2.08455 -1.21187
0.45559 0.146614
-0.34749 -0.462857
-0.0945799 -0.235126
1.98996 -2.05429
