-1.8128 -0.934268
0.785807 1.20742
-1.63014 -1.80386
1.9103 2.27842
0.0711872 -0.608115
-2.08724 0.563693
-0.251689 -1.56703
-0.612246 1.89795
1.31063 2.28277
-0.673634 -1.84064
-2.10722 -1.67838
2.44872 2.41219
1.31538 -0.519922
0.0395299 -2.15616
-0.550174 1.33475
0.120554 -0.655855
-1.07291 -1.86819
-1.16052 -1.40298
-0.853979 -0.203085
0.329767 -0.181736
-0.463655 -0.000372634
-1.10099 0.635808
0.551919 -1.15284
-2.33907 -1.43488
-2.12015 0.73992
-0.930735 1.69976
0.662441 -1.97682
-1.83474 1.06475
-0.297584 1.7787
-0.773832 1.28359
2.43506 1.94913
-0.041765 -1.68198
-1.78875 2.06798
1.8485 -0.581496
0.919188 1.30219
-1.25551 -1.13759
1.51417 -2.38377
0.0513673 0.162694
2.01778 0.297746
-0.857872 -1.23072
-1.94515 -2.30405
0.68354 2.2334
1.10556 -0.190129
2.44755 -0.692336
-1.25793 2.09016
1.62763 -2.20525
-1.98958 0.162272
1.43239 0.754397
2.25909 0.59827
-1.57685 2.25208
0.382167 -2.48473
2.38331 1.19495
2.43429 -0.436896
-2.3371 -0.0599291
-0.722894 1.5349
2.00836 0.239736
0.361173 1.04689
-1.82692 1.24155
0.773084 -0.839896
-0.24445 -1.01258
0.933827 -2.17342
-2.41274 0.840047
1.0903 -2.0135
-0.0634626 2.09674
1.06857 1.83085
0.932436 0.764985
1.95335 -1.29831
-1.49098 -1.88593
-0.91045 -1.64419
0.500071 -1.3559
0.405117 -1.34097
-1.22342 -0.798908
1.63094 1.05909
0.175536 2.07596
0.29802 -0.259541
-2.46782 0.628842
1.13438 0.87945
-2.40564 0.296163
1.12381 -1.52499
1.75023 2.46534
-1.46963 -1.34751
-1.53725 2.34266
0.162441 1.95978
1.43571 -0.716879
1.30223 -2.4235
1.68406 -2.43133
-1.77165 2.35823
0.751586 -1.43997
0.623682 -2.03097
-1.98129 -1.20713
1.02455 1.28243
-0.473084 0.467037
-0.660516 0.521175
-1.98412 2.07112
-0.532631 1.09332
0.477761 -1.28035
1.39597 0.693059
-1.59645 2.00355
-1.29612 2.48621
-1.82011 2.36873
-1.24818 0.332366
1.75612 0.19819
-1.2119 -0.162366
-2.47391 -0.321202
1.3397 -0.959044
-1.20255 1.30681
0.363599 -0.211007
1.11312 -0.809419
0.811736 0.911179
1.20186 -1.38129
0.476261 1.19475
-2.04949 2.18575
-0.816006 1.3795
-1.65662 1.83857
1.34182 -0.846509
0.355158 0.240078
2.42304 -0.312782
0.692488 -0.0392189
-1.1164 0.990775
-0.491555 -0.695014
-0.897748 1.06126
-2.17448 -2.40753
-0.174036 -0.267046
1.67382 -0.0531818
-0.613095 0.460554
-1.72054 0.196572
-2.18698 -2.17153
2.26992 0.748274
-2.49016 0.817686
-1.06505 -0.922129
1.32802 0.0582556
1.91587 0.152792
0.388416 -0.189714
2.00231 -1.43573
2.43353 -0.676503
2.03728 1.87388
-1.41486 0.300279
0.160092 1.98626
-2.3465 1.8394
1.71434 2.16438
-2.32389 0.0541008
-2.31888 -0.214799
-1.08927 1.20331
-2.06385 -2.18407
1.69262 1.47407
2.32301 -1.44727
1.05358 -0.0203759
-0.683041 -0.400662
-1.88445 0.595337
0.80462 -1.42166
-2.0024 0.339962
1.70801 1.37143
-2.26311 -0.878919
-2.38321 0.669007
0.922837 -1.78004
-1.34239 -1.1324
1.83227 0.654555
1.41048 0.291567
1.3065 -0.443263
0.50396 -1.18643
1.71782 -0.247247
1.52775 0.504111
-1.51887 1.79193
-0.534947 -1.05945
-0.367234 0.27981
0.887442 -0.619296
1.18709 1.53896
-0.908206 -1.41057
-0.104286 -2.40525
2.40945 -0.282683
-1.95212 -2.05451
1.34235 0.59645
1.05235 1.85268
-1.50049 1.86577
-0.644918 -0.561499
-1.32961 2.4762
1.35244 2.31502
2.24338 -1.81439
2.49259 2.39978
0.358383 1.61167
-0.0615021 0.00816744
1.56858 -1.4241
-1.20596 -1.6516
0.908141 -0.625899
-0.984393 1.96924
-0.106275 0.862146
-1.95853 1.03816
-0.888305 1.14097
-0.140919 2.4953
1.55923 1.61839
1.73603 -1.43171
-2.038 2.21423
-1.76056 1.62194
-1.23885 0.42701
0.00518413 1.56524
1.669 -1.75931
-0.818817 -0.512413
2.28258 -0.858557
1.59529 1.02185
1.18386 -1.37418
-1.4797 1.2562
-2.21628 -1.7871
1.1884 -0.716609
2.34698 0.558303
2.26563 2.49535
-0.87729 -1.41188
-1.11526 1.1029
1.47277 0.272534
-2.43417 -2.43505
-0.474521 -1.2008
-1.54746 1.06251
-1.08717 -1.81118
-0.220935 1.87066
-0.767664 1.8345
1.16813 -0.76971
2.17111 2.117
0.35896 0.743551
-0.772317 1.1164
-0.88586 -0.761801
0.0188103 -1.769
-0.946816 0.501955
0.860114 1.84492
1.83719 -0.217306
-2.32598 2.25681
0.48033 1.23624
0.0445696 -1.15707
2.14515 -2.2299
1.13323 1.74461
-0.865795 0.131614
-0.603805 -1.08684
-1.96285 2.25412
-1.14134 0.386705
1.11331 -0.0272145
-0.237929 -0.220538
-1.90877 0.317118
-1.81129 -1.91998
0.966705 -1.78289
-2.02216 -1.89722
-1.07244 -2.3098
1.80644 0.973109
1.2907 0.266883
0.474265 0.2997
-1.48906 1.59051
0.347756 -1.62236
1.77845 -0.797936
-2.05208 1.89909
2.08671 0.87054
0.891512 0.761644
-2.17385 -0.730741
1.07146 -0.402286
-0.419673 1.62765
1.25349 2.04807
1.0557 -0.186348
-2.4686 -2.0332
-0.579064 0.30768
-0.64785 1.92744
0.924966 1.60756
-1.34385 2.41526
-1.92029 1.25718
-1.50016 2.1153
-0.467337 1.97136
1.07455 1.8105
-1.24536 0.237158
-0.255014 -2.40062
1.73922 -1.55649
-0.604877 2.35757
-0.837975 -2.33057
2.4552 -1.18401
-0.516362 0.112914
0.261294 -0.332258
2.29152 -2.1705
-1.12673 -0.381342
-0.292806 -0.357884
-0.82262 -2.01113
-0.499976 -0.503551
1.04898 -1.78235
1.76595 -0.608446
-1.06596 2.04278
1.89121 -0.424215
-2.48606 2.32672
0.935121 1.79597
2.12423 -0.170666
-1.23388 1.04273
-0.463257 -1.07753
1.32393 1.60632
1.80505 -1.10461
-0.375519 -1.26598
-1.26774 -2.28734
-1.40349 0.182138
1.13956 0.355743
-1.58111 -2.12625
1.78913 -0.436443
-0.424989 -2.46019
0.472734 -0.380729
1.4602 1.84713
-2.21389 1.94958
2.27595 1.76332
-0.382441 -2.16561
2.18195 -0.573094
0.631053 -0.0881952
-2.2801 1.77152
0.491928 1.70654
-0.256465 -1.03557
1.45254 1.80832
1.61442 0.531232
0.536392 1.87903
-0.0763637 2.27865
2.01806 -0.780754
-1.43181 0.51147
0.542505 0.843625
1.80315 1.67621
0.310915 1.49581
1.50581 -2.33349
-0.601284 2.21802
0.488488 -0.49966
-2.10392 2.46327
1.02094 0.642571
-0.744422 -0.617718
-2.43912 0.299129
1.05228 -2.06678
1.38958 2.4921
2.39682 1.44941
0.823559 1.77621
-0.860414 -2.07532
-1.57317 2.3856
0.523823 0.200703
-1.46685 0.150826
0.699118 -0.509301
-0.699438 0.824075
0.258256 -2.35834
-0.0855853 -2.45393
-1.05466 1.30336
0.622035 0.321718
-0.906601 1.84516
-1.18652 -0.212044
-1.32757 0.825352
0.0271916 2.36373
1.14104 -1.26896
-0.243575 1.74754
0.410376 -0.0454134
0.039725 1.29717
1.44756 2.05568
-2.1069 -2.44296
2.09563 -1.91967
-0.0328337 1.00893
0.256403 -0.0855874
2.08533 2.24251
1.11696 2.26509
-0.181465 -1.71366
-1.77586 0.687603
-1.51379 2.33978
0.141983 1.51913
-0.339416 1.07228
2.17569 -2.05542
-0.402241 0.165956
-1.03338 -1.81085
-0.317467 -0.365498
2.19493 1.36957
-0.0392503 0.935268
-1.24462 -1.84036
1.39652 -2.35145
2.03276 1.75303
1.9107 -1.92687
2.29161 1.15364
-1.95976 1.87334
-1.16077 0.891794
-0.0435694 -0.382443
0.861444 1.6011
-2.13466 1.92863
-1.45939 -1.04435
-1.8224 0.555145
0.538291 -1.48431
-0.842443 -1.99428
-0.710383 1.84161
-0.476996 -2.45245
0.668439 -1.93994
-2.40971 1.72611
2.27608 -0.8523
1.12741 2.33704
2.30915 2.29173
1.1789 1.21292
-1.86466 2.00564
1.6906 1.74701
-0.337485 -1.48085
-0.029955 1.81006
-2.44126 1.1534
-1.64219 -1.53421
1.76448 -2.29819
1.73757 -2.13154
-0.345969 2.19303
-0.996852 0.0930418
-0.355918 0.603782
2.44507 1.41494
-1.89791 -0.642939
-1.03759 2.15598
-1.44928 0.285019
-0.629956 0.662906
-1.50373 0.129323
1.14208 -0.734019
2.43325 -1.0426
-0.216197 -0.274221
-0.685241 -0.617979
2.24032 -2.36958
-0.850018 0.636524
-2.26749 -2.49796
1.57884 0.449887
-2.26566 0.412263
0.692325 -1.98833
1.00072 -2.23045
-1.80709 -0.986563
0.554266 -0.914272
-1.20622 -2.16414
-0.178005 1.31291
0.198358 2.15811
-1.12578 2.06314
2.09263 -2.15317
2.18125 1.39927
-1.426 -2.33776
0.838837 -0.892816
-1.01154 -1.07776
2.33109 -0.0135613
0.224352 1.59362
0.838674 1.80451
-1.69783 -2.32052
1.89827 -0.325494
-0.370441 -1.10615
1.85333 0.333764
1.84375 -1.58427
-1.83577 -2.4822
0.467799 0.124287
1.90921 -1.98696
-2.1234 -2.31571
1.74053 0.066208
-2.19305 -1.05354
1.80398 0.722821
-1.83 -1.83664
0.302429 1.31148
-0.558705 1.56222
0.342259 2.34368
-1.52102 0.622492
-1.59582 -2.17019
2.45635 0.649447
1.38245 0.381673
-0.766984 -2.23616
-2.06554 -0.782337
1.98468 1.76168
0.0639975 -0.689835
2.23608 1.56683
-1.26415 1.19102
-0.45305 -0.313355
2.34084 -2.00441
1.69395 -2.33812
0.0463903 1.60996
0.61559 -0.571947
1.04676 -1.57074
-0.7096 -0.808882
1.17398 0.152051
1.2475 -1.67792
0.940791 -0.419643
1.59712 -1.90163
0.142069 -2.32245
0.33556 1.69486
1.60699 1.21292
-0.0465177 -1.42456
1.76229 1.44209
1.67749 0.52485
2.14237 0.285474
2.05901 2.08031
2.46563 -1.00299
-2.04031 1.26231
2.0779 -1.02879
-1.93299 0.337358
1.12133 -1.40665
0.733437 -1.63807
-1.23632 1.5627
2.42857 -0.757086
-1.61585 -0.290645
-1.21649 -1.85598
-1.62815 -0.0363296
-0.895867 1.08221
-0.561597 1.11885
-0.266535 0.623599
-1.50858 0.50847
-0.929613 0.988247
0.355469 -2.37127
-1.36555 0.599484
1.17047 1.22554
-0.608652 -2.26277
-1.39817 -0.468683
-1.4833 -0.8722
-0.716962 1.49807
2.43323 1.68386
0.790324 0.665793
-1.93492 0.998522
-0.720042 0.0622281
2.30498 -1.41069
-0.323081 1.88046
1.33386 -1.41125
2.36487 -0.337947
-1.37281 1.6277
0.463252 1.38368
1.2077 -1.00367
-0.506682 -1.26061
-1.87004 -1.98652
0.164165 1.10433
-0.59301 -1.97921
-2.33299 2.23246
-0.220479 -0.0719991
1.7821 1.50136
1.64605 0.244885
0.477202 -0.684642
-1.33457 1.40625
1.1853 0.826614
0.654132 1.67477
1.40602 -0.0607782
-2.41483 1.9447
1.03594 -0.646166
-2.05271 2.3106
0.858452 1.56518
-2.26628 1.20184
0.501827 -0.217167
0.887282 -2.46687
1.47215 1.9848
0.688425 -1.6671
0.959122 -0.0559445
-1.24809 0.708472
1.96553 0.393569
-1.58213 -1.13207
-0.658596 0.130126
0.301922 0.176912
0.0249284 0.923006
2.09241 1.7633
-2.23411 -2.35545
2.10269 -2.29182
0.238317 -2.10239
-1.20816 -0.640352
-0.438838 1.92821
0.0285274 0.232645
-2.18372 -0.466043
0.464559 2.49708
-1.30673 -0.59071
-0.796175 -0.83216
0.808261 -1.59631
-1.03348 2.39692
0.441339 2.37768
1.81112 2.04653
-1.62771 -2.43121
1.25967 1.59073
-1.16067 -0.0545255
-1.5174 -1.05601
-0.375641 -0.915097
-1.10483 -1.76292
-0.380467 1.99467
-2.4562 -2.02216
-1.50091 1.53749
-0.533782 -0.560006
2.39327 -1.19877
1.66068 -1.11613
-0.331471 0.161094
1.32712 0.516845
0.103586 -0.884421
-2.01705 -0.162819
-0.509892 -2.40051
-2.42188 -1.38073
-1.18076 2.17687
-1.80452 1.71754
1.6272 -2.04752
1.45319 -2.2892
1.41199 -1.56086
2.23306 2.12995
0.72535 -2.06488
2.00191 -1.4789
0.743727 2.39525
1.35576 2.24976
-1.57234 -1.54497
1.72053 2.44209
0.259036 -0.671262
-1.26486 -0.694922
-1.10551 0.43896
-0.771134 2.35007
-2.28649 1.0499
-0.580474 -0.768785
1.76356 -1.04151
-0.760601 -0.340091
0.747007 0.94507
0.857579 1.9784
-1.43167 2.1274
0.0870017 0.109663
-0.696984 1.3846
-2.27215 -1.316
2.17183 1.59184
0.720752 -2.17126
2.0213 2.06409
-1.18126 0.908962
0.0475861 0.343837
1.97986 0.967509
1.11514 2.35043
-0.699556 -1.94479
0.763795 -1.91547
-0.632529 0.236004
1.24155 -0.288294
-2.30905 -2.42443
1.37718 -2.38173
2.19655 -1.63942
-0.826406 -1.04132
-2.41725 0.229317
-2.36319 0.821008
-1.37235 0.761071
-0.515379 -0.0918701
-2.16017 0.644132
-1.59347 -2.38451
-1.51247 0.135662
1.35273 1.58661
-1.35044 -2.44478
1.84048 -0.0241267
0.0865858 0.981775
0.297498 -0.354645
-0.307139 2.41877
0.848067 -1.71102
-1.81414 -0.967276
2.35625 2.07442
-1.41589 0.0903998
0.311306 0.179758
-1.35857 -0.293569
-0.481285 -1.45969
-1.10086 -0.931049
1.94036 0.18675
-0.0399836 0.30132
-1.95049 -2.07835
-0.488233 -0.771681
0.295625 -1.33893
-0.334063 1.19447
-0.884815 1.24659
-0.37904 0.800447
-1.4566 -2.11219
0.543385 -1.62107
-1.33644 2.09022
-0.798505 2.2246
-1.5979 2.41704
-0.999573 0.812619
1.3123 2.14835
1.45178 2.26816
-2.39656 1.60014
0.106829 -1.7779
-1.06348 1.7554
0.510467 -1.01154
-1.0005 -1.6496
-0.963327 2.29718
-1.03107 -0.68775
1.9031 1.13164
-0.177599 2.21822
1.01685 0.0371615
0.154952 -2.41622
-0.454206 -1.11286
0.627364 -1.08827
1.59112 -1.96307
1.79181 2.14561
1.66767 -2.33344
-1.43091 1.01837
-0.576861 2.41611
0.00214755 -1.16642
-2.03671 0.255542
1.1757 -1.98292
1.53212 -2.07538
0.778199 -2.49563
0.351707 -0.887434
-1.47394 -0.414329
1.67689 1.53703
-2.45731 -1.37657
-2.32441 -0.302736
2.00243 0.13069
0.836917 1.9043
-2.37686 1.20726
-2.11839 1.08469
-2.24369 -0.0301201
-1.17669 1.15479
-1.03401 -2.22611
2.00334 -1.56103
1.88376 -1.77795
0.849195 -1.42095
1.82784 -0.375877
0.278749 0.157039
-1.25005 -0.331642
-1.83644 2.11724
-1.74559 -2.17129
-1.12556 2.25409
0.836976 1.51993
1.30961 0.357694
-1.96178 0.664228
-0.499599 -2.25473
2.16301 0.170592
-2.27238 1.47588
0.510488 1.12202
1.49745 -0.651467
1.06547 2.47901
-1.61173 0.565763
-2.43328 2.39055
0.446385 2.45106
2.43148 0.94137
1.0398 0.326687
0.868265 -0.620935
-1.30915 -2.03784
1.71051 0.890171
0.506177 1.14466
-1.74046 2.32937
-1.08396 2.03458
-0.320024 -0.280103
-0.657678 -1.37867
-1.95338 2.06555
-0.163855 -1.41871
-1.0477 -2.09211
1.40774 2.23861
1.04701 -1.37642
1.50373 -0.935321
-1.30035 0.811501
1.20693 -0.851699
1.92185 -0.326551
1.94781 1.75219
0.0858576 -0.708862
-1.20036 1.14456
-0.30802 1.34759
2.24978 0.023133
-1.4328 2.2356
-1.02889 -1.60391
-1.25133 -0.473718
-0.073956 -0.147104
-0.245549 1.08205
-2.06624 0.582712
0.595711 -1.71184
-2.10603 0.219085
1.79352 -0.303154
1.98876 -0.246934
-0.0992076 -1.86086
2.17216 -2.21676
-0.0702903 0.152554
2.16964 -0.631419
1.31929 -2.34185
-1.71881 -0.304441
-1.63268 0.632875
-0.757292 -0.179214
1.28742 0.845252
1.34882 1.59756
-0.745524 -1.64774
1.95374 -0.670966
-0.794494 -0.898614
-0.710952 1.81242
0.815463 1.20939
1.77766 -1.04192
2.12809 0.534326
0.630065 0.39675
-1.27986 -1.85206
0.24137 -0.557291
1.75855 -0.870562
-0.109191 0.127495
-1.60837 -1.32227
-0.259596 -0.962205
2.13994 -1.35701
1.59563 -1.00533
-0.277247 -1.00257
-0.980496 2.07013
0.336165 -1.82943
2.47036 1.48861
0.561544 -1.86851
1.09289 -0.952074
1.69904 1.0517
0.985348 -1.17443
1.07778 1.80123
-0.422849 -0.150885
-2.47838 -2.36297
-2.0971 -1.31138
-0.688356 2.45849
-0.726939 -0.280444
0.635198 -0.103077
-0.697272 -1.429
0.47737 0.491946
1.43133 0.354163
-2.36299 -2.04453
-0.399649 -1.79129
-0.141852 -1.17758
2.0867 -1.64243
1.88598 1.81451
0.105596 0.781584
-1.68191 -0.372878
-0.649141 -2.39874
0.774689 -0.744359
1.39467 -0.735877
1.91236 0.413668
-2.04444 0.421252
-1.77763 1.56477
-0.651183 -1.65239
-2.08501 0.505403
-0.220056 -1.57509
-1.35046 -1.2473
2.20447 -2.44194
-0.242427 -2.26391
-2.18858 1.12446
-0.39998 2.1425
-2.1345 -0.0869796
1.043 -2.06328
1.76635 -2.00792
-0.49423 2.11619
-0.1451 1.02225
1.28334 -0.537163
-0.541033 1.44736
0.825677 -1.7034
0.0495396 0.109404
-2.24942 -1.99232
-1.88294 1.32003
1.33811 -2.42589
-0.681147 -0.79018
1.0891 -1.78791
-1.87591 -0.648637
-1.44612 -1.94051
0.161883 -1.03471
1.63831 -2.33353
-2.40436 0.617479
1.37758 -1.63801
-1.08109 -1.26484
-0.756302 -1.77353
1.16169 1.60718
1.42264 2.21783
0.0776276 -0.724184
2.10785 2.34701
0.976335 -1.86175
1.2346 -1.13682
1.23237 -0.671231
2.04751 1.58044
2.44213 0.0370219
0.505905 0.874293
1.21378 -1.94336
1.00114 -2.10309
-1.49736 2.09524
-1.1027 -2.30639
1.55032 0.112219
2.37556 -2.21053
-0.941748 -2.48875
2.4655 0.219094
-1.17454 -0.137644
0.663043 1.80085
0.933665 0.882693
-1.20625 -1.04426
-1.78794 -1.31096
-2.18842 -1.36259
-2.23693 -0.2575
2.41192 -2.47716
-0.7082 -0.387114
0.225784 -2.37064
-1.71881 -1.82135
-1.30961 -0.192081
1.17343 1.61168
1.99172 -2.33032
0.0744189 -0.721997
0.537772 2.04531
-1.9387 -1.81707
2.28993 1.27622
-0.79473 -0.0899566
0.335279 0.27659
-2.16869 0.498403
-1.38833 1.33594
-0.172152 0.847971
0.0864677 -1.69482
1.95379 -0.3638
-2.31871 0.678335
2.1756 0.770571
-0.842428 2.04494
1.07396 2.31534
0.413399 0.24587
0.537983 -0.238433
-2.10193 -0.800453
1.38624 -1.01805
-1.0553 1.90614
0.801024 -0.118606
-0.29456 -0.526544
-1.03305 2.03458
0.911545 1.20486
1.96429 -0.730812
-1.49011 -1.69538
-0.058563 1.89151
0.644172 -0.0449553
-0.166633 -2.04199
-2.45521 -0.548012
-1.77378 -0.490504
0.132951 -1.00363
1.93554 1.18364
0.0603067 1.1182
0.496587 0.918878
-0.90113 -1.27538
-2.4833 -1.76304
-0.690753 -2.24988
0.015716 -0.31003
1.24538 0.691352
1.91664 -2.48221
1.59292 1.37618
-0.310039 0.27124
-0.778237 -0.0866424
2.00603 1.47379
1.62299 -2.30085
0.801807 0.487505
1.1615 -0.438146
-0.435493 -0.433076
1.78909 -0.204015
1.05903 1.45187
-1.4939 -0.325165
0.607674 2.30092
1.95916 -1.52876
-2.0056 2.21588
0.678498 1.95333
0.101848 -1.45931
1.28675 2.08259
-1.98873 -0.688236
-1.17473 2.0285
1.70692 -1.3013
-2.43206 1.57165
-2.47184 0.3633
-2.43431 -1.33479
2.47949 2.0846
2.3296 -0.844376
0.154114 1.42048
0.84348 -0.396916
-2.04362 -1.14853
-1.42012 -1.37137
-1.89364 1.58318
1.80513 -0.761678
-0.211627 -1.75589
-1.82248 -1.41977
0.19735 -2.30871
-1.39068 1.81375
1.19613 1.99947
-0.122318 -0.21743
1.72035 1.44164
-1.5985 -0.96222
0.348206 -1.1206
0.526659 0.0241936
-1.00526 -1.48095
-1.04428 1.17042
-1.51771 1.92307
0.241 -1.53777
2.10317 -0.851498
-0.465362 1.64511
1.11595 -2.02048
0.373371 -1.10929
0.876349 0.0456843
2.27922 2.07947
0.00268517 -0.328883
-0.774097 1.79066
-0.725981 0.195671
1.70762 -2.01253
2.00192 -0.791596
2.32375 -1.29955
-2.27703 -0.08564
-1.25162 -1.6313
1.37112 -0.263214
2.24933 -0.300009
-0.470458 1.53637
-1.70072 -1.01656
1.63064 1.76886
-0.784171 -0.175666
0.571147 -2.24848
1.88119 -0.484604
-1.41287 1.23581
2.26023 1.72516
-0.759085 0.832666
2.14717 -1.35846
1.13383 -1.52507
-1.26672 0.540876
1.20574 0.450316
2.20753 -2.49052
1.83548 -2.11988
-1.28706 -1.4502
1.58335 -1.81146
0.290726 -0.554947
0.0940531 0.919867
-0.436445 0.435814
-0.211047 1.38224
-2.0565 0.721324
1.69945 -0.244104
-1.85946 0.461759
1.68725 2.48224
2.04687 -2.26769
1.74909 1.03022
0.0925044 -1.92304
1.03827 1.22008
-0.473046 -0.820066
1.70566 -1.38786
-1.7785 1.48648
-1.51266 -2.38087
2.45447 -1.83643
-0.911913 -1.4809
-1.0253 -0.327969
-1.89147 -1.89825
-0.262429 -1.70725
-2.47808 1.19339
1.18908 1.51895
0.175604 -2.24016
1.35788 -0.438212
-1.23833 -0.746488
-0.0781899 -0.41449
-0.806298 -1.70337
-0.757904 1.89333
-0.478798 0.969588
-1.56711 -0.425099
-2.22954 -2.41678
-0.472562 1.07477
-1.37697 2.0505
-0.152313 2.22065
0.428928 1.88498
1.68869 2.00239
0.116809 -2.21768
-0.569717 1.42953
-2.2144 -0.50472
0.677979 -0.795627
1.07607 -2.16183
-2.43529 -2.39403
-0.29897 0.34735
-0.0802164 0.909605
-0.252523 -2.27505
-0.207318 1.76232
1.58592 -0.0843865
1.87218 2.36415
0.702613 -2.03321
-0.151747 -1.31126
1.04734 1.29411
-0.89522 -0.695733
-0.903024 0.309689
1.78664 1.19924
1.07833 -0.0213887
-2.04266 1.23181
0.793964 1.19256
-2.15105 -1.67067
-1.18204 0.132248
1.28523 -0.198458
1.08861 -1.08204
1.58655 -2.13695
0.711473 2.30149
-0.341174 1.0185
-0.929939 0.494485
0.961807 0.572485
2.29677 -0.140086
0.266957 -2.47539
-1.69177 -1.07272
2.03296 0.313051
1.32058 1.51142
1.87602 1.67724
-2.23842 -0.704991
-1.68172 -1.74566
-1.07285 -2.13189
-0.368629 -1.95826
-1.83344 1.83085
0.00956125 1.23497
-1.54548 1.86316
0.110956 -2.47625
0.991163 1.27231
1.90912 2.02331
-0.325247 -1.39939
-2.04482 1.47942
-1.37472 1.15877
1.56369 0.00564306
-1.90406 1.24839
2.08713 0.957999
1.59347 -0.277284
-1.10487 2.30072
-1.78775 -2.45854
2.10803 2.25562
-0.973986 1.43665
-1.12832 1.74842
1.22727 -2.19893
-0.437764 -2.00241
2.32804 -0.512972
1.19638 2.49728
1.58289 -2.09735
-0.402038 -2.14045
1.65711 -1.67812
-0.819004 -1.88948
-1.42621 -1.47901
-0.734805 -0.635537
2.1626 2.18139
1.5606 -0.247588
-0.994914 -2.07178
2.39496 2.14467
1.40849 -1.41943
1.54679 -0.14054
2.11175 -2.1627
0.93941 -0.771316
-2.40064 1.62518
-0.632887 1.50941
-0.797922 1.78987
1.82432 -1.47127
-1.00723 -1.88242
0.253375 -1.97855
1.05813 -1.85453
-0.790865 0.50084
2.09415 -0.448188
1.29979 -1.83591
-0.505176 0.758883
-0.942464 -2.49669
-1.87353 1.37895
-0.3537 -1.50651
1.13255 -1.06332
2.0709 -0.238912
-0.897316 1.28218
2.01786 -0.250719
-0.0485117 1.76015
0.0146172 -2.31673
-1.5049 -1.83399
1.02054 0.614431
0.585988 -0.666975
0.529278 2.16162
-0.798822 -1.04749
2.47032 0.416168
2.2259 -0.577974
0.819777 2.3431
1.37472 -1.68532
-1.95817 2.41743
-0.843883 -2.19054
-0.996324 2.48087
1.21213 -2.30072
0.688374 0.91073
0.505827 0.304416
-0.209797 -1.42914
1.11708 2.07842
1.28316 1.23561
-1.19863 -0.974209
2.39934 -0.407816
2.2451 2.46267
-0.498127 2.18913
-1.60977 -1.34433
-2.3052 0.837216
-1.92588 2.19191
0.123567 1.4176
0.619914 2.03573
-0.782777 0.430585
0.713028 0.200359
-0.531033 -0.0426486
2.229 1.07381
2.2521 -0.835735
-1.13836 -2.15886
1.13393 0.174399
-0.62556 -2.37814
-1.41075 -0.403036
-0.65124 -1.78766
2.2614 -0.937715
-0.256558 -1.93698
-0.57891 2.0192
1.08006 -0.559792
-0.204515 -2.14747
-2.43578 0.624875
-2.1481 -1.293
-0.275901 1.02056
-1.92286 0.672143
2.0983 1.19764
-2.16335 0.135017
0.100459 0.426121
1.71651 0.915377
-0.252572 1.29924
2.09263 1.36837
-0.555937 0.183257
-1.54675 2.13646
-1.88274 -1.33718
1.91298 -0.586095
1.65275 1.12435
1.36938 -1.67563
-0.536842 1.30467
-1.93046 1.62844
2.39794 -0.992951
-0.910754 0.898268
-2.29111 -0.120081
-0.648532 0.267119
2.38582 -0.38826
1.24582 -1.05127
2.25118 0.934252
-0.0828258 -1.80009
-2.15463 -0.563467
1.6107 1.56919
-2.375 1.95492
2.28648 1.84774
0.704234 -0.0210462
-2.01477 0.742103
-2.30064 2.28611
-0.267577 0.260276
0.460594 0.111072
-0.788864 0.902044
1.11708 -0.10908
1.15588 0.928005
-1.25772 -1.65188
2.44228 1.31258
1.89915 -1.81634
1.30679 -1.87226
-0.62764 -1.01732
0.790422 0.622269
-0.324247 0.248725
1.84233 1.55829
1.16209 1.48049
-0.471551 0.473177
2.39789 1.00824
0.284485 -2.43562
2.39838 -0.587518
-1.76828 0.473447
2.32708 2.16594
1.75339 -0.221833
1.70116 1.27687
-0.877581 0.0290366
0.456324 1.19546
1.36006 -0.538002
1.27618 -2.19096
-0.814983 1.35788
0.330104 -0.568459
-0.134768 1.2531
0.377581 1.83182
1.59643 2.02011
2.32994 -1.69813
-1.62498 -0.79431
-1.48107 -2.07027
0.649754 -0.388814
-0.454775 -1.13742
-0.939441 -0.725452
-2.31752 0.856235
0.0115498 0.0935005
1.92299 -1.77427
-0.693302 0.23846
1.41194 -0.0989205
0.116865 1.98521
1.54729 -1.68354
-0.965847 -1.47252
2.21648 2.35097
-0.376968 1.53665
-0.425243 2.40731
0.996639 2.00255
-1.27156 -1.62444
-0.661014 0.036436
-2.24779 0.999506
1.0866 -0.442583
1.47281 1.20658
-2.38852 1.66572
1.23888 1.82829
1.49736 -0.643312
0.695345 2.07023
0.758027 2.48195
2.30124 1.95963
-1.30765 1.0638
-1.96218 -2.2411
1.49981 0.471822
0.235169 -1.91277
-0.839857 -1.93272
2.33464 0.297896
0.738363 -0.156991
1.57516 0.175087
-1.07905 2.49837
0.140562 -1.44788
0.43644 -1.35206
0.789858 -0.939538
-0.0835884 0.0905508
1.9568 -0.202963
-2.25136 1.92133
-0.594864 1.28429
0.308514 -0.567103
-0.982167 2.2429
-1.93642 -2.11619
1.79882 2.30135
1.34333 1.14948
-2.3532 0.864669
-1.55275 -1.01962
-0.809353 -1.09218
1.1502 -0.228326
2.18692 0.211142
0.988771 2.42745
-1.35311 -0.318338
-1.16501 -2.0836
-1.18231 1.8044
1.67337 -0.908512
-0.444709 0.22807
1.07783 1.34819
0.682683 -0.741998
1.53792 0.284466
0.368014 0.772579
2.12682 0.469745
0.113385 -0.236416
2.11667 0.9535
2.02916 1.54651
-2.3944 1.93229
-0.352809 0.962293
2.15565 1.96648
1.00382 1.38873
1.75582 2.1875
-1.02024 0.787448
1.18596 -1.1469
-0.770026 0.330405
-1.46038 -0.168551
-1.68093 -2.2218
1.26725 0.933473
0.266785 -2.056
-0.839815 0.488762
-2.21449 -2.29787
1.32272 0.349889
-0.158843 -0.0957497
-1.72247 -0.886855
-1.70353 -1.49734
1.08714 -1.08188
-0.698862 0.0882709
-1.69253 0.657333
0.562683 -1.39081
-0.0872646 0.675699
0.686301 1.77923
-0.913455 -2.28378
-0.420281 2.02845
1.41542 -1.34173
1.21254 0.270162
2.41196 0.430689
0.982936 -0.867125
1.99952 -2.33927
-0.37324 2.16847
-1.21486 1.06162
-1.40408 1.90368
-1.0363 -0.370615
-0.516288 1.15888
-0.0529093 0.562569
-0.0270153 1.26227
-1.36463 1.68542
0.0539364 -0.199727
0.889817 0.738808
1.80854 0.899304
1.12468 -0.377085
-2.09223 1.44571
0.514945 1.66368
-0.993481 0.927427
0.289617 1.38612
1.24423 -0.655734
-0.205035 0.0821375
2.15657 -2.18047
0.983832 1.01394
1.26484 0.420447
2.41204 -0.456069
0.927691 -2.01167
0.0080807 1.87651
-0.585111 -1.21461
2.34804 2.38005
0.524329 0.528169
0.63794 -0.638492
-1.96579 -2.32624
1.04892 0.79071
0.319931 -0.0683381
-1.19007 -0.656135
1.47853 -0.175664
-1.67885 1.1943
-1.59638 2.24608
-0.150171 1.68452
-2.48211 0.0871603
2.21532 -1.83397
-0.603866 -2.12013
-0.276782 -0.463585
2.45071 0.93534
0.00165106 0.77288
1.40637 -0.926686
0.825603 -1.57394
1.9148 0.442758
0.0638407 1.19665
1.47847 2.03868
2.47676 -0.868259
-0.182719 1.04706
1.6828 -0.909025
-0.239398 -0.0412034
1.65577 -0.477256
-2.33721 -2.42493
-1.02243 -2.08598
1.17763 -1.65875
-0.833969 2.39812
2.20151 0.866206
-1.60859 1.88934
-2.46564 1.47746
-0.600689 -2.10361
1.93776 -1.95693
1.16122 1.6085
1.91956 1.02008
-0.865988 -2.20309
-1.50322 -0.887609
2.13321 -1.78008
-0.640037 1.64765
0.142885 0.57772
1.1364 2.21328
0.206135 -0.711758
-0.0136284 2.09602
0.423283 0.809668
0.33876 0.497866
1.93339 2.19156
-2.33066 1.10218
1.16098 -2.47765
2.25699 -0.169148
-2.44095 0.508578
1.72848 -1.45141
0.0986075 0.724912
0.487871 -2.38995
-0.166529 2.31144
1.74088 1.67905
2.08369 -1.40863
-0.328341 -0.0190126
-1.1868 -1.7647
-0.236897 2.30579
-1.65538 1.4497
0.512348 1.89682
0.34153 2.07464
2.24062 -0.820638
-2.14719 1.44324
-0.337346 1.36006
2.21315 0.319061
0.34306 -1.89611
2.47754 2.23575
1.34857 1.8355
1.58017 -2.30507
-0.288304 2.26492
1.49245 2.12761
-1.36731 0.218337
-2.11573 2.41745
0.0262172 -2.23479
-1.95202 1.73455
-2.23073 -0.0151608
-2.43184 0.87856
-1.92238 1.44865
1.71996 0.68558
0.124066 -0.557985
1.29403 -1.95016
0.385531 -1.23739
1.72004 -0.510573
-0.46883 0.629357
1.90452 0.119275
-1.27121 1.56845
1.94899 -0.421756
-0.272005 1.66554
-1.5973 2.40493
-1.86896 0.585337
-2.25863 -1.44997
-1.99979 -1.34269
0.331076 2.28103
-2.05901 -1.17656
-1.38111 1.36078
-2.30836 1.44642
2.41246 -2.47081
-0.0433717 -1.37027
0.707304 -0.247863
1.38901 -2.34224
-1.8981 -0.998701
-1.39857 1.1028
-1.66027 -1.83865
0.244214 -0.411299
0.913113 -1.73406
0.0672331 -1.73441
0.586371 -0.516315
-0.118411 -0.453537
-1.28633 -0.75299
-1.59129 1.59922
-1.0533 -0.228172
1.41893 -1.65074
-1.48008 2.0387
0.474979 0.554061
1.50704 1.76522
-0.318563 1.16631
-0.469942 1.15496
0.0442147 2.37397
1.11151 1.40199
0.0406173 -2.2226
-2.36644 -2.07314
-1.18519 2.03948
2.05194 -2.35326
-1.66373 -2.41067
-0.719556 1.34865
0.610312 -2.28351
-1.53353 -0.499743
-2.32388 -1.1532
1.85361 1.3455
2.10259 0.812704
-1.57624 2.14528
2.13488 0.197431
-2.20311 -0.642918
-0.10984 0.878154
-0.402826 1.31256
-1.15461 2.21757
1.66487 -2.24116
-1.06513 1.86671
-0.478761 -0.465471
-0.4377 0.756868
2.17937 2.15002
-2.47871 -1.675
2.24128 0.0385312
0.865929 1.78622
1.71027 -1.17546
-0.933858 -0.243644
0.925625 0.16387
1.3825 -1.48923
-0.497405 0.844037
0.053019 2.04314
0.505618 -0.728777
-1.81737 2.47137
-0.642412 -1.10875
-2.20975 0.0764746
1.52332 2.37041
1.92629 -0.560319
-1.66408 0.550428
-1.10688 1.08066
0.645217 1.21688
-0.397482 0.576303
-0.954354 -2.1934
-2.49342 -0.572224
-0.795378 0.260524
-0.239758 -0.136248
0.144142 -0.367182
1.11491 -1.24446
2.08461 -2.4789
0.0379369 -0.143455
-1.20493 -1.70709
-2.11174 0.589194
-0.124166 1.4627
-0.951905 0.474818
0.417908 -0.490132
-0.157071 1.37488
1.04067 -1.9344
2.40522 2.33562
0.0118107 1.42019
1.33362 -1.59501
1.45453 2.3663
2.36839 2.13421
-0.172116 -1.84475
0.327137 -0.726414
-0.906073 -1.62927
-2.28556 -1.90055
0.197914 -0.489282
0.231232 -1.75825
1.43459 1.96094
-0.549499 -1.00038
0.693643 1.00218
1.76479 0.334216
1.45868 -0.607755
0.255426 0.583992
2.48101 -2.14672
1.19691 1.56828
0.163536 0.807081
2.2913 -1.12378
2.10906 0.512664
-1.92127 -0.582698
-0.370946 -2.09039
-1.69847 -2.03717
1.90912 -0.792421
-1.0386 -0.999765
-2.38878 -1.3521
0.636444 1.75208
-0.180327 -1.34227
2.33659 -1.3379
2.14187 1.57109
0.94847 1.79619
2.127 -1.5087
-0.314953 1.63497
-0.0798356 2.49875
2.20269 1.87892
0.635904 -1.56772
1.09959 -0.685553
1.40758 -0.986716
1.50724 -0.0203122
-2.30829 -2.30399
-2.27195 1.71157
-0.242256 1.62738
1.56426 1.90428
-1.60771 0.799064
1.53912 -0.411057
0.319026 -0.37058
2.1802 1.4721
0.350319 -1.5048
2.31699 1.67177
1.3302 -1.46552
-0.480877 0.939285
-2.46973 2.18122
-2.37162 1.50394
0.408779 0.180429
-1.86428 -1.08928
0.920353 1.76024
-0.12286 -0.495039
-0.74025 -0.325721
-0.964756 -0.978083
1.7701 0.854754
1.75601 -1.98626
-1.00252 2.13971
2.28511 -1.38751
-0.806613 -2.16325
-0.420519 0.0736425
-0.537221 2.24413
-0.242033 -0.027276
-0.251095 0.842555
1.18596 -2.49397
-1.09766 -0.907962
0.243917 -1.0225
0.232016 1.35454
-2.43372 0.671148
-2.01334 -1.7421
1.48953 1.9498
0.495176 1.73721
-0.363247 -2.49062
-2.13247 -2.05682
-2.41287 -0.879202
-0.41954 0.0223603
1.40662 2.44878
-1.51584 0.131108
-2.05108 2.27664
1.75435 1.42692
0.457643 -1.93366
0.128525 1.14541
-0.371995 2.05513
-1.83164 -2.13379
1.58574 -1.24656
-0.964676 1.8315
-1.65953 2.23033
-0.144009 -0.40202
-1.00206 0.484586
-1.89885 -0.191245
-1.79855 0.0197442
0.699262 0.571699
-0.341127 2.17938
2.2445 -0.387265
0.488722 -2.23012
-0.377436 -2.37984
0.0136895 -0.176181
-2.35467 -2.09266
1.12631 0.427698
1.12938 -0.976155
0.590197 0.52186
-1.28163 -1.57587
1.85788 1.24985
-0.677121 2.42564
-2.46966 -1.55037
2.49352 -2.2642
1.08063 0.660818
-0.253257 -0.897094
2.31321 1.01291
-0.402495 1.40869
2.39602 -2.21645
-1.51783 1.94534
-1.33021 1.1975
0.826879 2.16571
0.342446 -0.646672
-1.38783 -1.23282
1.30862 -2.33732
-1.75226 -0.263069
-0.913723 -2.45756
0.16293 -0.887017
0.903343 1.36415
0.327175 -1.18281
0.189611 -2.25035
1.08223 2.3036
1.6915 -1.69923
1.44705 -1.65883
-0.674814 -2.31381
-1.62209 1.90369
-1.81199 -0.615578
-0.0917439 -1.44569
0.940863 -0.712343
1.33388 -2.42832
-2.48615 -1.67313
-1.53105 -1.87685
-0.930851 1.17554
1.62588 1.65355
-0.423319 0.622949
2.13494 -2.44789
-0.0606853 -0.19872
0.130342 -1.64432
1.83761 0.435371
0.850106 1.40797
2.10029 -0.663013
0.497695 -0.179467
-1.44194 1.28086
0.315563 -1.3305
2.35418 -0.731735
-0.267942 -0.818012
0.673713 -1.50704
-2.24532 0.0439072
1.65834 -2.15744
-1.4607 1.7482
-0.224698 2.47866
-0.50522 1.04964
1.84284 0.804903
-1.46812 0.335002
-0.51694 -2.17307
1.37907 0.613824
-1.60122 1.90987
-0.279771 -0.229652
1.89453 -2.30971
1.4102 -2.48956
1.74629 1.35608
-2.36537 1.11248
-1.79168 1.17041
-2.46119 -2.44522
1.30868 1.19585
-1.82671 -1.90108
0.614205 1.66432
-1.94256 -2.13324
1.46932 1.26784
1.703 -1.53757
-2.31926 0.844582
-0.40862 0.30958
-1.08506 -1.21667
-2.12282 -1.72273
-1.66331 -1.91269
1.47817 -0.863084
1.88621 1.99128
0.682015 -2.13514
2.28597 -2.41691
2.09763 -1.70973
-0.443636 -1.21303
-0.167023 -1.73819
-2.15554 -1.40921
-0.0486664 2.28084
0.468566 -2.36964
-2.08793 0.857904
-2.05745 -0.683866
0.676067 -0.743242
-0.351335 -2.08026
-1.43933 -0.386803
-2.0132 1.24365
-0.416016 -1.45007
0.951309 1.71461
-1.49224 -2.12225
-0.050655 0.618927
-1.75785 2.31763
-2.13776 1.52364
0.902154 -0.795661
-1.13599 -1.5031
-2.44178 -0.586133
-0.618577 -2.23191
0.542325 -1.04725
1.79338 0.0940811
1.89329 -0.450516
-0.616715 -2.38425
-1.96154 -1.67678
-2.38759 0.978546
1.93483 2.28277
0.563728 -1.08921
1.37999 -0.609644
0.955243 -0.598372
2.49111 2.14648
-2.28585 0.83356
1.04446 -1.99754
2.28406 0.867114
-2.38559 0.52859
1.91385 -0.317474
0.657097 1.99492
-0.00404035 1.6588
-0.744349 -2.12386
-0.210794 -0.905333
0.77928 1.865
1.93178 -1.60371
2.19133 0.287545
-0.68808 1.94097
1.8813 -0.846465
-2.30121 -0.641808
-1.47 1.04087
1.29634 0.397201
-1.79008 -1.0201
0.398484 -0.944478
1.05188 1.55281
-1.91575 -0.240576
-0.485077 0.820239
2.11703 -0.0146157
1.52427 0.975334
-1.44379 1.473
-0.0958626 0.77106
-1.62678 -2.39505
2.20661 0.305678
2.18994 0.940207
0.269867 -0.064265
-0.723595 -0.805407
-1.65254 1.72672
-0.78861 -0.75808
2.22796 1.22991
0.669354 0.166659
1.40945 -1.26613
-2.29169 -1.44206
-1.9506 -0.248777
-0.454229 -1.94131
-1.0525 -2.30725
-0.417733 2.0688
-1.65643 2.34932
1.3409 1.61457
-0.572644 -1.50868
-0.347735 1.4702
0.733423 -1.94676
1.75794 1.07047
-0.589632 -0.769628
1.77986 -2.28875
1.44349 -0.397647
1.54499 -0.873015
-0.263598 -0.512328
-0.314129 2.1029
-0.00304589 -1.32086
-2.47396 2.16143
-1.52513 -1.31157
-2.08629 -1.3752
-0.0369139 1.2356
-0.207338 1.50328
1.59925 -0.873545
-1.33685 -1.45028
0.21776 1.54302
-0.83459 1.53859
-0.773266 1.13842
2.17751 1.98868
0.312595 -1.73757
1.95754 1.99831
-2.13798 -2.45426
-0.384745 -1.22721
0.992253 0.951586
-2.33468 1.16406
-1.58129 0.0669689
1.10798 0.597704
0.690778 0.409592
1.19446 1.19913
1.47061 -0.166038
1.90138 -0.482769
0.542942 -0.337247
-0.871981 0.806484
-1.70849 0.202002
0.0783082 0.621978
1.78731 -0.691784
0.568979 -0.34959
-0.0443221 1.91674
0.681261 2.28303
-0.356698 0.890498
-1.06605 -0.352811
-2.00426 -2.23333
0.934883 -1.02839
0.571124 1.57657
1.66175 -2.10396
-0.594167 2.13468
-0.0862563 -1.59347
-1.44818 1.51419
0.343472 -0.625889
-1.2379 -2.04245
1.86657 -0.488079
1.24382 0.396086
2.39757 0.77352
1.82101 -0.749109
-1.03705 -1.77463
-0.0429707 -2.38698
1.55828 -1.871
2.41649 0.275234
1.25189 -0.0621398
-0.212586 -2.11345
1.92544 0.270541
-1.91623 0.578136
1.13775 1.98536
-1.29317 2.35983
-1.43352 -0.147889
0.640561 0.0194365
-0.286897 1.74921
-2.1675 -1.59073
-1.58812 2.46329
-2.30192 1.51422
1.1381 1.77471
1.81009 0.815279
0.889722 1.66218
1.65285 2.03399
1.21268 -2.38417
-0.226457 -2.16392
-1.23894 -1.98512
0.994413 2.37068
-0.042398 1.45677
-1.6679 1.4134
-0.45837 -1.9834
1.30901 -2.12256
0.131278 -2.00086
-0.942474 0.119791
-1.75154 1.56017
-0.682448 -0.175423
-1.52701 1.2918
1.95405 0.585185
-1.27252 1.76771
1.12574 2.30253
0.277866 -0.831863
-0.717686 0.32228
-1.37356 -0.618153
-2.38869 1.52566
2.30931 -1.47053
0.346339 1.89456
1.99531 0.986107
0.592966 0.159714
1.8677 -0.00222365
1.32046 1.53044
-0.486082 1.45895
0.410237 -0.63315
1.74487 2.36481
-1.79208 -0.553266
-1.35202 -0.389637
-0.0588807 0.734171
-0.659174 -1.87953
-2.2065 1.37837
-2.10888 1.13132
0.595339 0.193887
-0.519394 -1.91398
-0.772182 -1.41077
1.91597 2.26028
-1.51924 -0.146341
-1.07583 0.654411
-1.06808 -1.49475
1.74979 1.22431
0.342338 -2.25529
-1.18295 -1.92432
-2.18818 -1.70346
2.13457 1.91157
-2.02491 -1.47276
1.06918 -1.33667
-2.38979 0.839801
0.122914 -1.10278
-0.604694 -1.67051
0.879475 0.114634
0.45044 -1.83616
-1.04999 0.850891
0.830784 -2.47438
-1.85205 -1.10777
-1.49014 1.97378
2.37289 -0.49889
-1.02809 -2.12198
-0.720333 -0.0322283
1.85502 -1.73761
0.577638 -2.12404
-1.41892 -1.40935
-2.15512 -0.404351
2.45116 -2.13265
2.04686 -0.151247
-2.14992 -2.08147
2.41452 -2.11489
-1.57599 -1.52632
-0.900651 -1.51986
0.914741 1.75303
-1.01787 1.88799
0.797932 1.26531
-1.29069 1.39505
0.673748 0.864662
-1.23126 -1.96008
-0.951552 2.06996
-0.225686 1.20515
-2.24589 2.16533
-0.562752 -2.37621
1.92979 -0.447724
-0.368417 -2.22929
2.21571 -1.63453
-1.40241 1.27121
-2.19894 0.223815
-1.86612 2.09904
1.45929 1.19908
-0.631712 2.27144
-2.36715 -1.87572
1.53068 -2.02586
2.38924 -2.41477
0.280904 -0.129632
0.552767 1.53845
1.39592 -0.818435
-2.0866 0.16231
-1.15133 0.859869
1.11446 0.372769
-1.64712 -1.14044
0.233632 2.1506
0.188252 1.3167
0.340778 0.119727
-1.89626 0.848846
1.27071 0.166509
1.83997 2.27869
-0.0315418 1.20367
0.0505824 1.40325
-0.711964 -2.25275
2.03915 -1.14514
0.389133 2.46179
0.908957 -1.81512
1.09614 -1.85111
-1.29146 2.19505
-0.614268 -1.23555
-1.89152 1.89615
-1.86049 -2.04737
-0.38836 -0.112795
-2.23733 1.77237
-2.46191 -1.53969
-1.2053 1.29869
-1.16782 1.40393
-0.763767 -0.268808
1.48062 -1.36308
-0.884379 0.275412
-1.74071 0.883865
0.149418 1.66137
0.412047 0.321694
-0.300652 0.878623
1.29278 -0.0338432
-1.21716 1.17632
-1.86246 0.268847
-1.31142 0.134978
0.146459 -1.59833
-1.84317 -0.948935
1.19844 1.86228
-1.07928 2.44901
0.979761 1.91732
0.112531 0.0927591
-1.01338 -0.167305
0.502303 -0.0335769
2.45405 -0.226249
-2.27955 0.473485
2.16416 1.03068
1.06162 -0.048157
0.268189 0.65915
2.17743 1.77997
2.09108 2.40128
0.0810266 2.17768
0.0342943 0.00970532
1.69916 1.75613
0.0268625 -1.28099
-0.0596326 2.08064
0.301847 2.41677
2.36687 -0.197015
0.93119 1.3686
-0.374443 1.12185
-2.31515 0.90056
0.913798 -0.000705679
-2.26536 -0.365377
1.60947 0.849509
0.299464 1.18326
-2.39477 2.19916
2.39567 -0.248246
0.734819 1.25214
-1.22289 -2.13214
-0.488318 -1.46644
-0.687947 -1.36464
2.28603 1.91945
0.463031 1.93884
-1.5073 -0.368126
-1.11086 -2.49335
1.87099 -1.7203
2.05538 0.60259
2.36066 -0.789136
2.19217 0.433293
0.492661 2.49739
-1.10269 -1.56676
-1.31735 -0.881562
1.49826 1.64123
-0.0392394 1.75453
1.30279 -1.89908
-1.05817 0.748245
2.12101 0.196181
0.613816 1.24082
-0.343121 -1.80521
-1.13289 1.21665
0.183293 1.04082
2.30059 -2.23352
-0.169313 -2.09589
-0.846392 0.038476
-1.78071 -1.44313
-1.12961 -0.742105
-1.80434 -0.657347
-0.131412 -1.99174
0.251589 -1.50634
1.26508 -0.359148
-2.19627 0.247387
1.13173 0.400068
-0.282378 2.4337
1.98561 0.404645
1.83988 -1.13211
1.93844 1.21635
1.19397 -0.668815
0.306938 -1.48671
0.625742 1.95195
-1.34816 -2.49854
2.40283 2.10251
0.825366 -1.27212
-0.779667 -2.01124
-0.0720727 1.48526
0.287647 0.471648
-2.24806 1.91508
-2.37636 0.390078
2.23603 -0.982398
-1.46509 -2.08652
-1.76582 1.70389
1.39532 -0.701062
1.77781 -1.28678
-2.1941 0.868251
2.38918 -0.139292
1.48551 1.26187
0.609435 1.17259
-1.7438 -1.89364
1.05075 1.1872
0.347506 1.72719
-1.56011 -0.546461
1.88772 -0.00264347
0.855897 1.83375
1.13382 -0.287824
1.51406 0.899435
0.161445 -0.666601
-0.188829 -1.55201
0.916018 2.12775
-0.481672 1.97367
-0.0350966 2.18734
0.655731 0.318703
0.465792 0.769483
-0.598832 -1.76734
0.0784029 2.40145
-2.05372 1.72982
-0.115154 0.501902
-1.13883 -1.26216
0.280767 2.4379
1.66771 0.253209
0.241405 -0.511128
-2.19102 2.11775
0.706396 2.28691
0.145086 -0.998524
1.38931 -1.22021
-0.0754292 0.794615
1.71482 0.687803
-2.00862 -1.81151
-1.96213 -1.55957
-0.304079 1.58142
-1.20585 0.578015
0.538863 0.568211
0.0731008 0.381673
0.952553 -0.00507967
-0.409963 2.47726
0.157992 2.29443
1.06579 0.181248
-0.116349 1.94351
1.77777 2.07174
0.22631 -1.50691
-0.360745 0.95705
1.43889 -0.486417
-1.93994 -0.961264
-0.0196785 1.20833
2.32242 -0.433633
-1.70518 1.26344
-1.36494 2.49529
2.15013 -0.278216
-0.301124 1.69515
0.604905 1.24266
-1.31642 -1.59549
-2.03783 -1.1029
0.379437 0.4493
1.00851 0.983076
1.40865 1.23222
-0.922108 1.553
2.18203 1.32641
-1.09957 -1.39417
0.346778 0.136516
1.41344 -1.35307
-2.31668 -1.58815
1.93326 -0.21108
-1.8041 -2.04801
0.580965 1.83049
0.259169 0.293692
1.97206 1.45217
-2.47231 1.84865
0.166897 1.94463
-0.841876 1.55566
-2.00957 1.93929
1.85899 2.24638
-1.62908 -0.135776
0.757477 -0.419513
-0.660992 2.26025
-0.536639 -0.152152
-0.281272 1.20151
-2.0197 0.19219
-1.85696 0.748977
2.15834 2.3726
-1.39762 -2.42166
0.0318177 -1.75628
1.76975 -0.282705
-1.8353 2.11091
2.26703 -0.922758
0.695235 -1.9704
-0.633445 0.955884
1.63998 -2.23604
2.01592 1.59655
-1.49872 0.685217
1.62779 -1.47574
-0.700619 0.482802
-1.25279 -1.69136
0.652456 1.81625
0.731051 0.404324
1.27884 0.631771
-0.735811 2.42437
-0.441795 -0.163566
2.10434 2.17258
2.08228 -1.92312
-1.94619 1.5421
-0.92285 2.32447
1.43722 0.487752
0.763758 -0.0524205
-0.896506 -1.69314
-0.729228 -2.20385
1.5641 0.155025
0.368011 -0.983972
-1.53276 -2.02009
-0.43109 1.81865
0.367766 -1.98392
1.66223 2.26393
0.145254 -0.172115
-1.36739 0.924904
-2.10251 0.512765
2.18254 -1.55442
0.282163 -1.87189
-1.22685 -0.836733
-2.01395 0.399015
-0.644257 -0.804015
-1.39673 -1.76429
-1.96403 -1.00239
2.17284 -1.09987
-2.04273 -0.31131
-0.61491 -2.10554
1.97212 2.19213
-2.47158 -1.05404
-0.349403 -0.775168
1.47493 -0.0179148
-2.17884 1.37227
-1.69849 1.13679
-2.09374 -1.16369
-1.64493 2.41816
-1.88569 -1.10847
2.14056 -0.131058
-1.33579 0.146518
1.43 1.63771
-1.51974 -0.763184
0.177753 -0.225022
-1.89387 -2.07915
0.144745 -1.42691
0.452446 -0.0797178
1.14027 1.39003
0.914648 -1.56928
-0.015578 -2.47363
-0.846269 0.305548
-2.14509 -2.36572
-2.41183 1.88827
-2.0413 1.56032
-0.850688 -0.499031
-0.109602 -1.79076
1.87905 -2.30463
0.213378 -1.5417
-1.21374 1.91751
-0.0969246 2.42193
-1.48626 -1.25892
2.12755 1.07696
-1.0413 0.660075
0.396314 -1.25269
2.27744 -0.946965
-0.890486 2.47246
1.69687 -0.849214
1.05845 -0.313509
1.53031 0.954111
-0.820584 -0.228902
2.46933 -1.15027
-2.20956 1.32738
-2.36231 2.18445
0.704675 2.11657
0.304237 1.56534
-1.24107 0.578665
-1.41813 2.29789
2.27387 -0.806461
-1.70157 2.38381
-1.4562 0.130379
-0.798004 0.621859
1.98994 -2.03688
2.03207 -0.72465
-1.97967 2.19703
0.302877 0.955639
-0.91378 0.906554
-2.04183 -0.273954
-0.105399 1.92559
1.57119 0.874165
-0.133274 0.318005
-0.294961 1.06225
1.34826 0.389843
-0.406132 -2.38107
-1.61174 -1.8266
-1.06284 -0.327316
1.19938 -1.76931
-0.131451 -2.45144
-1.159 0.250663
-1.98149 -0.990363
0.687917 -1.22064
-1.97845 0.817269
-2.3626 -2.18059
0.170292 -0.447342
-0.287317 -1.05451
1.129 -1.02887
1.10513 -1.09811
1.76087 2.11325
1.85966 -1.42357
-1.86112 -0.363503
2.25095 2.13657
-1.64708 -0.914058
-2.37906 -0.730493
-2.2966 1.48981
2.02039 1.91947
-1.13463 0.741584
0.395329 2.22101
-2.07498 -1.33445
1.13653 1.74579
0.557239 0.186888
1.02985 1.08369
-0.846062 1.59899
-1.27032 -0.8497
-2.42974 1.96295
-1.16238 -1.39853
-2.19609 -1.55929
1.45867 1.37861
0.489607 -0.224786
-1.49386 0.362679
0.116768 -2.25616
0.72219 -2.03201
-0.282371 1.16071
-1.3092 -1.80543
-1.18811 -0.726103
-0.556945 -0.170385
-2.37559 -1.26691
0.7261 -1.22204
0.0491792 2.18559
0.826703 -2.24285
-1.00686 -1.03643
1.69836 -1.89049
-0.64734 -0.597827
-1.83852 1.30608
-0.673833 -2.35076
-1.72838 2.04055
-0.196489 -0.196664
-1.99206 -1.2548
-0.536942 0.804077
-0.948652 -0.529321
-2.21689 1.19978
1.06671 -0.222941
1.76698 -1.88672
-0.259618 1.49558
0.76798 1.58455
0.865699 -1.03345
-0.849307 0.757772
2.35119 1.74972
-2.03127 -0.138425
-1.64467 1.83893
1.16281 -1.6863
1.42347 1.39608
-1.01461 1.52348
2.43152 -0.705551
-0.647627 0.426177
1.81975 2.49126
-0.736769 1.83035
-0.0951012 -1.87122
0.661461 0.362534
-1.89841 1.34424
-1.55772 0.0811392
1.27424 1.7873
-1.72816 1.94345
-2.09711 -2.40351
1.50016 1.61832
-2.48069 -1.53217
-1.4161 -0.299864
2.20198 -0.392215
-0.906109 -2.03248
-1.81809 0.114347
1.41112 0.519162
1.36533 -0.16833
1.73765 1.08049
0.509792 1.73101
-0.265957 0.983094
1.90996 -0.683701
0.276958 0.201957
2.21947 0.705246
0.336502 0.953138
-0.500338 -0.748124
0.0512472 1.67252
2.14327 0.859079
-2.13195 -1.99685
-1.90719 -0.173033
1.1415 -0.330885
0.952397 -2.15988
-2.0866 0.375707
-1.66928 -1.46138
-0.960716 -0.295142
-0.447713 0.810129
-0.135041 -2.40796
0.0486557 0.220152
1.08054 1.12368
-0.494964 -0.353511
-0.0258199 -1.78948
2.30566 -0.845016
0.817552 0.518586
-0.864014 0.857875
0.481469 -0.678431
-1.01487 0.948703
0.439612 1.39532
-0.612763 -2.03741
-0.33584 0.586869
1.51677 -1.23262
-0.208005 -0.375654
0.770301 -1.67849
-0.757108 0.710798
-1.18078 0.636981
0.0267734 2.14366
0.381299 2.35918
0.0498966 -2.07232
0.983247 1.36688
1.03716 -1.02432
2.10698 1.45412
1.33037 2.48206
2.47324 1.00346
1.05022 1.41975
2.45719 -2.14232
-2.03308 -2.10682
-1.41304 2.30291
-0.946507 -1.44223
2.36896 -0.701614
-0.370355 0.885726
-1.724 -0.736643
0.522734 2.48461
2.14541 1.71423
1.11578 -2.13261
2.02971 0.986689
0.921655 -0.161176
-0.93738 2.48045
0.376774 -0.860495
2.05797 1.25874
-1.5991 -0.984035
-1.54518 -1.17551
1.57609 1.13783
-0.326348 -1.72037
1.57192 -2.44366
1.63669 2.07039
1.81521 -0.5183
-0.236715 1.15673
0.401451 -0.062869
-1.77906 1.10512
-0.247959 -0.0140813
1.00977 -1.4668
-1.30678 1.57642
0.251349 -0.286026
2.21726 0.242473
0.885839 1.91337
-0.975395 1.55723
0.226947 -2.01202
-0.71265 1.84655
2.17969 1.20823
0.989741 1.34457
0.541063 1.90314
-1.17638 1.34412
2.17053 0.983635
-1.08521 -0.179601
-1.59938 2.30803
0.649725 0.591229
1.90252 -0.395413
0.177962 0.31752
-1.07568 -0.82849
1.73618 -2.31915
-1.49656 -2.17412
-0.00329964 -0.802508
1.70193 0.543484
-1.77346 -1.15756
-1.228 2.13246
-0.125035 0.650154
-0.421758 -0.722671
-1.33693 -0.643116
1.0682 -2.12256
0.570616 -0.287933
1.44553 1.52499
1.45957 0.106433
1.62645 0.92153
1.47217 1.09682
-1.05042 0.764118
1.51839 0.316139
2.45949 1.89027
-0.615746 2.01183
0.306393 -2.18331
1.97342 -0.576743
-1.33176 -1.23357
1.33404 -2.04159
1.7743 -0.610161
0.767619 -1.07834
-0.463206 -0.0677537
-0.852058 -0.863496
-1.99995 1.71596
-1.51992 -2.48682
-0.991504 2.27124
1.59193 2.47657
-1.12824 1.81285
-1.51054 0.592666
2.24493 -1.36769
-2.26167 2.24916
0.971914 -2.42503
-1.8967 1.9381
-1.71926 0.328032
1.25484 -1.35806
2.22936 -2.36573
0.539876 -1.45011
1.66711 1.99654
0.0663281 -1.56418
-2.37257 0.60135
1.02509 0.797174
1.79924 -1.52483
0.00536693 2.43668
0.911498 2.32605
1.86866 -1.89646
0.650126 0.978071
-0.582141 -2.21226
0.931071 1.0374
-1.97515 -1.12698
-1.26389 -1.64662
0.742129 -1.49551
1.16178 -0.227898
-2.03788 1.54666
-1.6142 0.59893
0.612822 -1.95061
