-1.52788 -0.811213
-0.710192 -1.13456
0.508058 -1.52141
-2.23926 -0.606452
-0.621851 0.387496
-0.946858 -0.857346
-0.784395 1.37715
-2.49805 -1.04779
0.311892 -0.396352
-2.26867 2.06493
-1.40794 -0.566022
-0.118603 1.78471
-1.49752 -1.0235
0.263085 -2.21972
-1.18412 -0.400178
-2.45112 0.122227
-0.599437 0.758661
0.868128 -1.2694
-1.24127 1.60988
0.155374 -0.321023
-2.2536 -1.23901
-2.10595 -0.727859
0.824092 -1.58453
1.75591 2.17023
1.48042 1.39852
1.53522 -2.37009
-2.39448 0.837471
0.698214 2.33249
-0.494584 -0.405398
0.845522 -1.20227
-0.40743 -1.23003
-0.40051 -1.52069
1.81742 2.10948
-0.743365 0.741187
-0.957525 -1.13663
-0.772447 -0.727891
2.07459 -0.739493
-0.456631 2.41698
-0.595707 1.67328
-0.0945577 1.42072
-1.929 -1.18986
1.42414 -0.924386
1.19284 1.29469
-1.94192 -1.93776
-0.790754 0.253148
